rz_offset =
  -31.1343
time =
   2.2196e+04
Pos =
    3.6488  -17.2579
計算時間：1.036353
22195.800000,3.648742,-17.257883,97.001410,-0.007178,539,630
計算時間：0.047454
22197.800000,3.573941,-17.314183,97.001612,-3.117628,526,630
計算時間：0.026794
22197.800000,3.587148,-17.312783,95.099142,-0.706657,536,630
計算時間：0.051790
22201.800000,3.588990,-16.253001,92.867455,6.546190,566,630
計算時間：0.030546
22201.800000,3.591363,-16.252889,92.527067,6.977377,568,630
計算時間：0.050426
22201.800000,3.584409,-16.253257,93.524679,5.713509,563,630
計算時間：0.036810
22201.800000,3.573080,-16.254116,95.152090,3.650983,554,630
計算時間：0.044621
22206.000000,3.323353,-14.152143,97.072000,2.041715,547,630
計算時間：0.052262
22207.800000,3.395641,-13.209219,98.027410,8.169603,0.270000,0.174533,699,631
計算時間：0.052671
Arrive Goal!!
22208.600000,3.186149,-12.754135,106.880522,-6.462390,0.270000,0.174533,699,631
経過時間は 12.469026 秒です。
計算時間：0.051427
22208.600000,3.088325,-12.798943,122.339634,19.676018,0.270000,0.174533,699,631
計算時間：0.057008
22211.000000,2.264344,-12.122654,135.983545,25.223936,646,630
計算時間：0.035456
22211.000000,2.199574,-12.211402,151.771157,7.007437,568,630
計算時間：0.031670
22212.800000,1.364025,-11.938641,157.285067,13.749030,597,630
計算時間：0.032984
22212.800000,1.356165,-11.958952,160.404978,9.952370,581,630
計算時間：0.030412
22212.800000,1.348665,-11.982254,163.911888,5.668358,563,630
計算時間：0.032341
22215.800000,0.436628,-11.097220,167.338000,38.998268,704,630
経過時間は 7.706218 秒です。
計算時間：0.031587
22215.800000,0.427196,-11.169527,177.797410,71.905129,0.270000,0.174533,699,631
計算時間：0.051995
22215.800000,0.436155,-11.270445,-167.651179,57.411716,0.270000,0.174533,699,631
計算時間：0.042561
22215.800000,0.471053,-11.367584,-152.825067,41.841398,0.270000,-0.174533,378,631
計算時間：0.052232
22215.800000,0.490849,-11.401855,-147.153657,35.685030,0.270000,-0.174533,378,631
計算時間：0.052918
22222.200000,2.668051,-10.019626,-146.628545,-1.473623,0.270000,-0.174533,378,631
計算時間：0.044575
22222.400000,3.000422,-10.105182,-146.636134,-3.613689,0.120000,-0.174533,378,588
計算時間：0.044061
22222.400000,3.000348,-10.105069,-146.655522,-3.593920,0.090000,-0.174533,378,580
計算時間：0.029127
22222.400000,3.000365,-10.105094,-146.651112,-3.598417,0.090000,-0.174533,378,580
計算時間：0.044946
22222.400000,3.000272,-10.104954,-146.675201,-3.573854,0.120000,-0.174533,378,588
計算時間：0.043444
22222.400000,3.000260,-10.104936,-146.678291,-3.570704,0.120000,-0.174533,378,588
計算時間：0.042199
22222.400000,3.000209,-10.104858,-146.691679,-3.557053,0.120000,-0.174533,378,588
計算時間：0.041832
22229.400000,0.562014,-10.067966,-146.690269,29.168490,0.270000,-0.174533,378,631
計算時間：0.034339
22230.800000,5.620452,-10.930170,-146.706657,-13.030227,0.270000,-0.174533,378,631
計算時間：0.041404
22232.000000,6.407597,-11.090940,-146.694746,-14.602273,0.270000,-0.174533,378,631
計算時間：0.040188
22232.800000,6.568500,-11.130292,-146.720134,-14.853741,0.270000,-0.174533,378,631
計算時間：0.033783
22232.800000,6.568471,-11.130247,-146.727724,-14.846110,0.270000,-0.174533,378,631
計算時間：0.031458
22232.800000,6.568448,-11.130213,-146.733612,-14.840189,0.270000,-0.174533,378,631
計算時間：0.054510
22232.800000,6.568345,-11.130055,-146.760701,-14.812950,0.270000,-0.174533,378,631
計算時間：0.041574
22232.800000,6.568333,-11.130037,-146.763791,-14.809843,0.270000,-0.174533,378,631
計算時間：0.034530
22238.800000,6.426564,-11.304932,-146.781679,-14.508027,0.270000,-0.174533,378,631
計算時間：0.046053
22238.800000,6.426518,-11.304862,-146.793769,-14.495867,0.270000,-0.174533,378,631
計算時間：0.039109
22241.200000,7.107221,-11.391413,-146.819157,-15.579127,0.270000,-0.174533,378,631
計算時間：0.045519
22242.200000,7.011315,-11.344004,-146.820746,-15.439004,0.270000,-0.174533,378,631
計算時間：0.036949
22243.200000,3.387929,-10.771873,-146.843134,-5.201314,0.270000,-0.174533,378,631
計算時間：0.051328
22243.600000,3.756818,-10.836455,-146.846224,-6.959241,0.270000,-0.174533,378,631
計算時間：0.058886
22244.800000,8.037337,-11.536632,-146.867313,-16.763234,0.270000,-0.174533,378,631
計算時間：0.042534
22244.800000,8.037258,-11.536510,-146.888201,-16.742266,0.270000,-0.174533,378,631
計算時間：0.042814
22244.800000,8.037251,-11.536500,-146.889791,-16.740671,0.270000,-0.174533,378,631
計算時間：0.030562
22244.800000,8.037143,-11.536334,-146.918179,-16.712174,0.270000,-0.174533,378,631
計算時間：0.052508
22244.800000,8.037137,-11.536325,-146.919769,-16.710578,0.270000,-0.174533,378,631
計算時間：0.045678
22244.800000,8.037068,-11.536219,-146.937858,-16.692419,0.270000,-0.174533,378,631
計算時間：0.046405
22244.800000,8.037017,-11.536141,-146.951246,-16.678980,0.270000,-0.174533,378,631
計算時間：0.047067
22244.800000,8.036880,-11.535930,-146.987336,-16.642752,0.270000,-0.174533,378,631
計算時間：0.044324
22244.800000,8.036795,-11.535799,-147.009724,-16.620279,0.270000,-0.174533,378,631
計算時間：0.029391
22244.800000,8.036692,-11.535640,-147.036813,-16.593086,0.270000,-0.174533,378,631
計算時間：0.050552
22244.800000,8.036526,-11.535385,-147.080403,-16.549330,0.270000,-0.174533,378,631
serialport デバイスへの接続を検出できません。デバイスが接続されていることを確認し、新しい serialport オブジェクトを作成してください。
{エラー: <a href="matlab:matlab.internal.language.introspective.errorDocCallback('SHURONex_OBDWA2', 'C:\Users\y21n5\OneDrive\デスクトップ\2022年度研究_相馬\MATLAB\lidar\SHURONex_OBDWA2.m', 280)" style="font-weight:bold">SHURONex_OBDWA2</a> (<a href="matlab: opentoline('C:\Users\y21n5\OneDrive\デスクトップ\2022年度研究_相馬\MATLAB\lidar\SHURONex_OBDWA2.m',280,0)">行 280</a>)
Error writing String.
Invalid operation. Object must be connected to the serial port.} 
Arduino Mega 2560 detected.
To use this device with MATLAB, install <a href="matlab:matlab.internal.language.introspective.showAddon('ML_ARDUINO')">MATLAB Support Package for Arduino Hardware.</a> 
To use this device with Simulink, install <a href="matlab:matlab.internal.language.introspective.showAddon('ARDUINO')">Simulink Support Package for Arduino Hardware.</a>

rosshutdown
NodeURI が http://192.168.43.108:59446/ のグローバル ノード /matlab_global_node_62958 をシャットダウン中
uiopen('C:\Users\y21n5\OneDrive\デスクトップ\2022年度研究_相馬\MATLAB\相馬修論用_3way\nonhoi\TVes_1222_1.fig',1)
uiopen('C:\Users\y21n5\OneDrive\デスクトップ\2022年度研究_相馬\MATLAB\相馬修論用_3way\nonhoi\EX_nonhoi_1205.fig',1)
uiopen('C:\Users\y21n5\OneDrive\デスクトップ\2022年度研究_相馬\MATLAB\相馬修論用_3way\nonhoi\nonhoi_ex_1107_1.fig',1)
Arduino Mega 2560 detected.
To use this device with MATLAB, install <a href="matlab:matlab.internal.language.introspective.showAddon('ML_ARDUINO')">MATLAB Support Package for Arduino Hardware.</a> 
To use this device with Simulink, install <a href="matlab:matlab.internal.language.introspective.showAddon('ARDUINO')">Simulink Support Package for Arduino Hardware.</a>

